first: 4.22222222222
second: 4.05555555556
