t =  3 0.592592592593 1.0 0.5
t =  3 0.643471418932 0.575 0.555681818182
t =  3 0.794787157287 0.41875 0.632102272727
t =  3 0.653763771395 0.6625 0.576704545455
