t =  4 0.0 0.0 0.5
t =  4 0.511706349206 0.4125 0.614144736842
t =  4 0.583333333333 0.125 0.551973684211
t =  4 0.514823232323 0.5125 0.650986842105
