t =  2 0.814814814815 1.0 0.5
t =  2 0.854279711517 0.881818181818 0.600909090909
t =  2 0.937931454809 0.777272727273 0.768636363636
t =  2 0.856617102704 0.8 0.6
